5, 39
39, 29
19, 37
52, 52
6, 30
60, 34
23, 18
14, 34
37, 47
31, 17
26, 5
14, 35
57, 57
28, 4
29, 50
42, 8
2, 59
22, 53
34, 11
34, 44
2, 47
49, 42
17, 60
22, 13
16, 60
42, 50
30, 49
40, 44
59, 6
25, 9
25, 49
25, 4
9, 26
38, 16
58, 30
35, 37
59, 42
60, 28
7, 45
30, 28
60, 16
11, 32
47, 47
3, 50
24, 11
1, 4
20, 11
57, 24
10, 17
44, 8
18, 15
34, 27
49, 35
45, 36
32, 26
1, 0
60, 6
5, 18
58, 34
11, 48
54, 51
48, 52
30, 10
58, 33
46, 27
42, 1
60, 25
4, 46
23, 47
35, 42
14, 50
32, 27
0, 20
53, 36
47, 19
22, 1
59, 50
30, 40
23, 54
6, 43
21, 54
37, 4
44, 21
45, 12
17, 44
50, 24
51, 29
58, 49
1, 23
18, 19
52, 40
12, 0
35, 51
11, 34
11, 42
6, 36
38, 7
24, 51
57, 2
56, 56
45, 42
56, 47
1, 16
49, 36
56, 23
13, 14
58, 26
41, 15
28, 40
10, 21
52, 10
36, 39
36, 30
16, 48
29, 31
20, 46
50, 47
54, 37
55, 27
40, 6
20, 32
17, 55
29, 56
18, 0
25, 30
22, 20
52, 38
8, 32
30, 45
33, 32
14, 46
23, 13
9, 16
8, 21
48, 14
6, 26
15, 36
44, 24
14, 49
43, 4
41, 17
52, 4
56, 35
40, 35
35, 41
42, 23
38, 39
34, 9
9, 23
5, 52
35, 33
28, 2
19, 50
11, 46
46, 58
10, 38
54, 47
33, 11
39, 49
36, 20
36, 60
8, 55
46, 2
2, 19
0, 10
45, 0
46, 37
46, 34
12, 24
36, 50
22, 24
12, 42
48, 4
29, 54
14, 23
35, 40
50, 42
7, 32
44, 33
12, 2
41, 12
13, 18
40, 21
12, 17
60, 40
34, 12
56, 25
42, 7
22, 23
42, 32
14, 43
28, 11
27, 25
54, 48
10, 32
38, 3
19, 36
44, 54
32, 30
34, 20
5, 6
5, 8
10, 40
25, 50
46, 60
18, 56
25, 38
21, 44
41, 8
57, 1
5, 23
19, 35
53, 28
40, 11
16, 17
37, 51
6, 37
51, 12
37, 44
57, 35
36, 29
27, 5
58, 17
60, 37
38, 48
38, 51
19, 18
56, 44
23, 22
30, 46
12, 39
16, 25
50, 31
11, 12
52, 29
7, 14
51, 47
28, 33
9, 12
43, 50
38, 0
21, 2
22, 28
40, 14
16, 18
33, 56
52, 2
34, 36
34, 54
28, 46
8, 15
2, 25
56, 40
11, 47
15, 35
26, 53
1, 10
33, 8
55, 54
22, 32
24, 10
12, 22
41, 18
9, 27
1, 39
6, 60
46, 6
47, 54
1, 14
43, 18
12, 7
39, 30
60, 39
54, 1
30, 29
27, 7
50, 36
27, 3
54, 25
24, 37
3, 9
30, 7
23, 11
37, 56
16, 1
45, 59
21, 7
52, 45
31, 26
50, 57
20, 14
27, 60
6, 34
14, 47
44, 48
20, 55
45, 8
29, 2
44, 2
9, 32
34, 5
15, 3
49, 29
30, 35
13, 33
24, 35
5, 32
51, 36
27, 46
11, 43
40, 31
11, 51
32, 10
32, 59
21, 41
32, 7
22, 30
36, 38
31, 42
16, 37
1, 35
36, 12
18, 48
5, 54
53, 9
4, 22
33, 44
10, 47
38, 32
52, 56
32, 57
22, 58
39, 21
57, 3
18, 25
31, 0
25, 36
16, 20
18, 41
47, 28
43, 33
26, 9
22, 3
56, 33
1, 47
2, 43
41, 29
21, 8
28, 16
32, 44
55, 15
54, 13
52, 25
35, 1
32, 52
43, 8
32, 34
48, 6
45, 3
44, 37
30, 18
13, 45
28, 5
27, 34
25, 25
58, 42
8, 3
3, 26
24, 14
39, 31
17, 13
20, 38
2, 37
44, 20
54, 23
54, 58
37, 59
58, 9
41, 20
28, 56
9, 53
28, 41
7, 6
32, 3
12, 55
43, 30
13, 55
21, 60
14, 45
46, 45
12, 6
26, 14
17, 37
11, 35
33, 2
23, 25
42, 27
17, 6
36, 40
34, 60
59, 30
44, 15
6, 3
1, 50
24, 49
56, 57
31, 54
37, 53
14, 27
56, 46
47, 57
41, 19
52, 41
55, 45
10, 60
59, 52
53, 25
21, 59
13, 58
32, 42
34, 31
33, 6
52, 1
25, 47
36, 41
1, 33
47, 31
1, 49
39, 35
37, 34
56, 53
58, 40
12, 34
54, 27
19, 8
6, 41
37, 6
38, 56
56, 26
36, 22
26, 34
23, 53
30, 30
9, 54
54, 7
23, 58
45, 55
9, 1
48, 47
17, 25
1, 30
1, 28
37, 12
52, 34
55, 47
56, 30
10, 44
47, 15
45, 58
0, 30
59, 8
59, 9
29, 26
51, 37
20, 35
43, 9
41, 27
44, 53
48, 57
56, 37
3, 10
20, 0
45, 56
24, 21
22, 12
58, 28
31, 49
29, 14
33, 0
60, 38
59, 24
40, 24
21, 31
22, 44
18, 50
14, 15
49, 3
39, 3
1, 48
39, 48
58, 4
56, 0
56, 5
28, 31
38, 58
25, 13
6, 14
7, 43
1, 31
15, 58
14, 13
13, 16
57, 55
46, 59
24, 60
49, 37
6, 20
8, 6
27, 30
35, 55
55, 23
20, 9
34, 15
37, 28
14, 26
0, 25
28, 29
13, 3
37, 26
7, 54
30, 55
18, 45
9, 52
22, 59
41, 39
50, 28
42, 20
43, 41
26, 36
38, 35
3, 46
43, 43
27, 33
55, 25
40, 56
53, 52
39, 11
0, 19
28, 13
56, 28
52, 47
19, 4
22, 45
4, 1
56, 11
20, 15
44, 29
2, 18
3, 13
3, 43
2, 14
17, 48
8, 36
18, 8
20, 54
42, 37
48, 33
45, 29
31, 20
51, 56
41, 51
37, 31
17, 57
41, 28
40, 4
43, 42
50, 35
15, 2
57, 36
34, 59
56, 3
31, 7
26, 7
7, 34
26, 48
50, 3
11, 57
8, 33
15, 59
43, 3
49, 48
40, 13
52, 5
10, 37
27, 15
26, 43
18, 52
5, 36
47, 23
14, 37
12, 10
44, 3
10, 22
19, 59
5, 28
49, 19
14, 25
50, 2
19, 25
27, 19
12, 37
53, 44
54, 36
25, 21
24, 27
57, 53
31, 3
1, 24
57, 5
7, 19
6, 57
8, 18
51, 38
56, 36
0, 33
60, 20
25, 23
21, 42
0, 23
26, 55
10, 30
31, 36
43, 53
11, 4
23, 42
30, 4
6, 11
45, 6
42, 16
18, 47
7, 47
57, 23
35, 6
32, 60
60, 18
51, 33
14, 29
7, 31
44, 26
14, 51
33, 57
36, 54
28, 37
24, 12
49, 7
32, 8
28, 27
28, 24
0, 12
39, 0
3, 54
36, 28
21, 24
44, 12
0, 40
44, 50
8, 10
11, 0
35, 58
4, 58
48, 37
28, 35
28, 39
20, 19
4, 54
25, 43
57, 13
3, 55
44, 51
55, 37
23, 39
10, 27
18, 9
3, 34
17, 5
49, 60
25, 0
49, 57
46, 53
13, 6
15, 11
59, 38
9, 50
48, 38
32, 17
50, 7
34, 33
59, 5
54, 28
50, 40
15, 26
60, 26
28, 44
5, 10
40, 0
17, 38
9, 2
23, 16
12, 43
2, 54
16, 8
53, 49
45, 60
4, 8
2, 40
55, 1
20, 24
39, 12
42, 59
30, 37
55, 49
49, 4
8, 16
17, 58
4, 5
7, 56
0, 22
1, 43
42, 21
15, 13
36, 55
53, 37
51, 0
31, 38
2, 6
59, 35
7, 27
52, 18
1, 6
39, 6
21, 46
29, 23
56, 51
25, 52
56, 27
17, 3
40, 15
39, 37
19, 56
43, 49
13, 51
20, 17
8, 4
35, 11
1, 19
6, 48
14, 44
48, 43
26, 47
5, 7
22, 39
20, 21
25, 60
14, 22
12, 5
53, 6
37, 29
4, 44
20, 25
14, 31
47, 39
51, 58
31, 55
10, 14
15, 52
19, 10
10, 2
33, 13
45, 46
43, 28
52, 6
17, 56
57, 58
21, 3
14, 56
31, 29
9, 7
35, 8
42, 12
26, 19
15, 48
7, 44
53, 2
43, 31
39, 55
34, 14
49, 32
0, 46
29, 60
42, 11
22, 27
18, 2
26, 33
25, 32
29, 48
56, 12
29, 17
11, 39
15, 37
43, 56
36, 52
60, 59
21, 40
53, 21
38, 13
47, 53
51, 27
54, 40
0, 6
10, 0
1, 17
24, 36
13, 12
53, 7
33, 35
2, 26
17, 30
23, 31
10, 58
20, 56
30, 25
20, 34
58, 20
20, 33
26, 54
10, 3
35, 5
51, 16
22, 52
24, 17
25, 48
0, 28
54, 12
16, 39
56, 55
47, 6
2, 42
55, 51
41, 59
51, 57
32, 18
36, 34
37, 50
31, 43
59, 20
15, 22
1, 15
47, 36
38, 26
32, 32
4, 19
22, 40
31, 5
31, 19
26, 30
27, 10
59, 7
59, 48
6, 52
36, 26
15, 24
30, 19
49, 1
2, 23
21, 45
2, 44
37, 33
54, 20
37, 1
50, 34
40, 41
41, 16
38, 31
16, 32
11, 1
49, 18
33, 3
23, 2
48, 3
46, 13
12, 12
17, 35
33, 34
17, 7
49, 41
49, 0
14, 12
1, 58
6, 47
19, 29
8, 38
28, 60
52, 28
11, 37
6, 28
46, 20
18, 17
24, 2
10, 42
15, 17
3, 3
20, 12
52, 60
33, 45
30, 9
35, 36
34, 22
4, 14
0, 38
51, 54
33, 52
23, 3
13, 5
52, 58
28, 59
43, 60
58, 8
31, 50
44, 43
0, 52
50, 39
34, 28
27, 55
58, 36
17, 49
45, 50
36, 7
28, 34
58, 22
57, 48
51, 20
59, 56
27, 32
48, 7
7, 41
16, 58
23, 14
30, 31
56, 60
4, 24
37, 52
38, 21
55, 4
17, 27
31, 27
58, 18
1, 38
4, 16
49, 10
40, 16
7, 38
47, 43
6, 51
52, 59
27, 12
31, 32
12, 14
11, 38
33, 47
21, 0
9, 5
24, 43
58, 27
32, 24
8, 12
49, 21
1, 7
43, 55
48, 12
23, 8
17, 0
50, 27
50, 14
13, 23
33, 54
21, 29
6, 32
50, 26
52, 53
6, 29
18, 59
25, 55
41, 23
1, 45
37, 2
21, 58
17, 16
2, 21
43, 17
28, 55
37, 3
8, 56
18, 32
6, 23
22, 35
21, 27
53, 35
28, 8
57, 56
55, 10
6, 38
55, 53
40, 7
5, 43
52, 35
17, 50
13, 0
43, 47
38, 40
59, 41
3, 30
8, 49
51, 41
39, 2
42, 5
21, 38
12, 18
16, 51
41, 55
20, 42
26, 8
19, 26
17, 28
27, 27
5, 44
56, 52
51, 15
49, 52
8, 24
22, 34
26, 23
53, 20
2, 29
23, 29
43, 11
40, 39
22, 17
15, 31
11, 41
48, 41
13, 27
33, 15
51, 32
13, 54
34, 38
45, 27
31, 24
6, 53
21, 12
24, 33
9, 42
25, 45
25, 51
54, 21
32, 54
35, 16
51, 44
28, 43
49, 38
49, 46
27, 49
43, 57
6, 2
58, 60
32, 11
53, 27
55, 6
54, 50
38, 52
16, 43
18, 43
29, 24
30, 44
60, 32
22, 19
47, 48
19, 7
60, 9
39, 53
34, 35
16, 4
16, 31
49, 50
10, 9
20, 29
26, 57
28, 51
16, 13
7, 4
43, 23
24, 31
36, 58
59, 26
50, 11
22, 41
10, 49
14, 52
54, 46
36, 49
8, 23
26, 20
56, 17
38, 12
60, 4
43, 16
58, 1
30, 22
30, 20
49, 34
2, 27
46, 1
22, 36
58, 25
58, 58
7, 16
0, 51
5, 30
42, 28
23, 57
6, 22
37, 40
16, 57
9, 57
42, 2
3, 11
29, 55
36, 6
58, 38
7, 51
49, 14
53, 43
16, 40
33, 10
41, 0
43, 40
10, 7
29, 59
29, 57
38, 27
23, 55
59, 22
26, 21
59, 4
9, 22
56, 18
4, 41
20, 26
43, 37
41, 58
36, 23
29, 6
48, 10
9, 41
53, 3
24, 29
28, 48
47, 58
5, 34
1, 27
49, 26
5, 42
42, 4
26, 56
37, 0
41, 54
3, 57
35, 57
0, 9
58, 43
9, 34
58, 10
7, 25
42, 13
39, 42
32, 6
53, 41
37, 30
31, 41
24, 57
7, 60
57, 14
59, 28
20, 41
6, 24
55, 33
2, 5
2, 50
59, 12
21, 33
9, 39
41, 41
48, 58
32, 28
5, 46
7, 28
10, 33
4, 35
3, 38
9, 11
32, 19
50, 5
30, 51
41, 42
46, 44
11, 25
15, 6
44, 49
10, 43
15, 18
9, 14
0, 26
40, 51
48, 50
51, 17
59, 36
21, 56
60, 24
30, 53
58, 52
45, 10
18, 6
34, 10
6, 10
2, 17
32, 12
7, 17
9, 9
34, 32
40, 23
37, 36
25, 39
19, 19
52, 51
31, 18
13, 1
25, 12
31, 56
31, 31
8, 19
53, 38
2, 28
16, 7
40, 48
18, 51
41, 2
20, 49
49, 54
8, 29
41, 33
46, 25
46, 50
17, 14
27, 16
6, 4
42, 46
55, 34
34, 30
9, 21
32, 16
13, 32
47, 42
38, 49
51, 59
19, 54
34, 50
24, 23
41, 46
10, 54
21, 1
59, 13
25, 56
47, 13
55, 46
4, 45
16, 35
27, 54
31, 23
42, 44
56, 19
31, 14
18, 10
19, 12
53, 33
10, 46
29, 33
51, 46
25, 19
35, 31
59, 2
22, 0
36, 4
2, 9
50, 13
0, 37
40, 12
19, 30
51, 8
7, 7
33, 50
42, 45
26, 1
7, 13
0, 13
47, 17
48, 55
37, 42
54, 42
4, 39
22, 4
0, 5
11, 20
31, 57
40, 55
24, 6
10, 52
7, 58
54, 54
39, 17
39, 25
14, 32
42, 25
32, 23
2, 51
53, 53
49, 47
45, 43
2, 48
16, 54
4, 18
15, 50
4, 15
25, 22
57, 26
42, 60
5, 59
15, 19
29, 39
36, 43
40, 59
37, 55
32, 14
39, 57
57, 15
56, 45
19, 2
19, 60
33, 31
43, 46
23, 56
42, 51
47, 2
25, 57
8, 44
40, 46
51, 22
31, 47
13, 15
27, 47
4, 37
51, 51
44, 35
35, 23
53, 18
44, 19
22, 49
56, 58
60, 45
28, 54
50, 54
43, 25
39, 56
8, 5
8, 50
14, 10
45, 37
46, 5
29, 32
43, 10
52, 55
15, 54
45, 24
29, 16
43, 6
8, 8
22, 48
4, 36
1, 54
60, 27
50, 38
20, 52
40, 30
27, 18
33, 21
19, 53
21, 26
26, 59
22, 8
29, 1
56, 31
44, 18
19, 22
6, 58
20, 20
27, 23
34, 7
47, 0
30, 32
11, 2
35, 21
33, 20
31, 48
50, 9
35, 14
12, 11
48, 9
56, 7
31, 21
48, 49
48, 30
26, 3
22, 10
29, 18
17, 51
30, 26
35, 2
45, 1
54, 60
15, 23
36, 15
36, 5
49, 39
13, 59
24, 39
55, 19
11, 16
13, 52
11, 5
8, 60
57, 8
57, 50
57, 21
13, 42
53, 1
54, 55
44, 57
36, 37
32, 15
34, 42
13, 21
56, 14
24, 48
44, 56
5, 37
1, 41
52, 23
40, 3
24, 19
38, 43
31, 6
52, 57
60, 8
27, 14
2, 58
50, 49
13, 50
23, 24
9, 0
19, 51
13, 20
16, 23
49, 24
53, 51
38, 15
11, 17
10, 18
39, 13
58, 2
39, 52
41, 5
20, 10
15, 45
38, 55
53, 60
16, 12
39, 22
23, 45
39, 16
33, 42
0, 8
33, 1
27, 31
7, 21
33, 24
1, 8
18, 26
29, 38
13, 41
25, 29
18, 60
6, 21
7, 22
46, 55
15, 5
10, 35
30, 6
50, 4
15, 40
28, 21
40, 20
32, 53
33, 7
33, 26
18, 29
34, 6
5, 22
0, 57
36, 16
55, 58
16, 27
55, 18
42, 30
33, 22
57, 10
42, 55
18, 36
6, 7
30, 27
25, 8
57, 20
49, 12
37, 24
52, 24
37, 48
21, 15
44, 36
23, 38
29, 21
60, 50
53, 13
37, 13
40, 25
34, 46
46, 57
48, 34
29, 10
47, 26
55, 36
21, 34
9, 3
7, 37
10, 26
50, 25
56, 21
51, 9
19, 45
60, 52
16, 6
35, 9
30, 54
15, 38
47, 32
58, 6
48, 53
23, 44
7, 5
31, 9
54, 2
20, 16
23, 37
52, 9
31, 52
18, 42
28, 22
20, 43
33, 55
10, 12
55, 7
16, 50
16, 10
9, 6
38, 24
11, 60
55, 57
16, 42
55, 12
21, 50
53, 46
21, 25
23, 27
17, 12
49, 2
28, 23
43, 32
4, 12
32, 50
57, 38
58, 46
30, 0
7, 8
3, 24
43, 15
18, 11
38, 11
43, 12
22, 6
0, 18
14, 7
0, 60
23, 52
46, 7
52, 26
2, 8
47, 5
47, 35
8, 9
31, 44
37, 27
57, 52
18, 40
56, 43
40, 27
17, 15
27, 38
26, 13
55, 44
28, 14
40, 60
55, 30
9, 28
53, 31
59, 16
23, 46
4, 29
36, 44
47, 21
56, 4
27, 28
60, 36
60, 17
45, 5
41, 24
5, 38
29, 11
20, 18
9, 43
2, 16
51, 14
13, 28
39, 34
6, 45
28, 9
12, 31
7, 15
21, 28
4, 43
48, 2
25, 58
11, 45
14, 38
20, 45
26, 41
52, 17
46, 52
28, 19
59, 33
8, 46
45, 17
5, 3
47, 7
59, 40
26, 32
46, 42
14, 0
7, 50
42, 19
17, 33
35, 22
34, 40
38, 33
32, 55
0, 21
21, 47
43, 45
18, 21
30, 60
9, 24
27, 52
56, 42
45, 18
25, 5
56, 38
21, 52
12, 33
43, 51
1, 37
34, 37
46, 49
39, 9
46, 11
0, 2
31, 30
45, 13
25, 31
57, 32
48, 15
0, 48
53, 5
28, 57
12, 23
11, 30
3, 12
49, 25
21, 57
0, 55
57, 39
59, 17
15, 16
36, 18
54, 44
8, 7
47, 38
55, 3
46, 40
10, 4
40, 40
42, 49
50, 20
39, 20
26, 2
47, 16
6, 13
53, 16
4, 28
24, 30
51, 50
50, 0
14, 39
14, 30
35, 26
48, 20
23, 59
45, 9
34, 43
29, 52
14, 18
52, 30
8, 2
16, 0
32, 22
19, 38
9, 40
25, 37
18, 46
37, 11
12, 58
3, 42
12, 36
0, 27
3, 49
23, 20
12, 47
27, 6
16, 30
10, 11
39, 39
60, 44
58, 44
24, 50
6, 56
25, 33
20, 60
50, 46
34, 0
45, 21
43, 39
35, 49
17, 36
47, 12
24, 24
19, 49
17, 24
11, 31
24, 25
37, 9
57, 6
31, 16
4, 10
1, 57
54, 24
39, 38
28, 6
8, 26
52, 48
45, 11
56, 41
50, 18
56, 32
35, 32
47, 20
3, 4
35, 24
41, 53
54, 45
23, 51
20, 37
46, 41
39, 1
49, 56
7, 26
31, 2
14, 14
50, 60
26, 22
17, 32
38, 19
37, 19
3, 29
41, 56
53, 10
60, 19
34, 2
24, 28
0, 3
5, 15
52, 21
33, 16
48, 29
47, 1
57, 42
42, 17
38, 53
32, 43
48, 1
45, 25
23, 40
12, 15
12, 27
27, 22
42, 26
58, 7
42, 36
33, 39
40, 37
27, 17
46, 15
41, 4
10, 56
58, 54
3, 44
54, 6
35, 15
11, 10
15, 20
35, 29
28, 15
35, 59
4, 17
59, 10
42, 33
14, 24
50, 44
49, 9
26, 40
4, 20
4, 38
5, 16
4, 56
12, 1
37, 41
4, 50
52, 27
42, 14
56, 34
27, 48
41, 37
53, 24
54, 8
52, 49
45, 33
1, 12
38, 57
9, 49
13, 37
13, 8
5, 51
48, 45
42, 0
20, 23
2, 1
30, 48
17, 29
48, 24
28, 58
50, 41
24, 5
37, 37
34, 52
10, 10
48, 11
0, 0
36, 2
44, 30
9, 4
42, 38
3, 41
57, 49
30, 12
53, 56
17, 10
49, 44
1, 11
44, 23
39, 33
48, 25
42, 39
9, 8
42, 57
46, 30
35, 35
53, 48
26, 44
31, 4
8, 31
7, 3
13, 9
6, 54
7, 2
58, 41
28, 49
12, 38
11, 52
13, 48
21, 17
34, 55
11, 55
50, 22
56, 16
18, 4
51, 60
16, 56
19, 58
19, 5
5, 21
56, 50
29, 49
60, 14
35, 3
38, 44
36, 3
15, 1
45, 4
47, 56
38, 59
39, 19
13, 47
12, 28
1, 29
47, 37
18, 16
19, 17
24, 34
59, 43
15, 8
14, 58
41, 31
31, 25
41, 3
45, 34
41, 7
12, 49
7, 30
10, 39
21, 10
57, 37
45, 38
0, 35
35, 12
25, 24
15, 25
46, 9
54, 29
46, 56
2, 49
44, 47
17, 23
28, 1
6, 35
59, 21
15, 51
35, 20
43, 35
42, 29
48, 26
40, 38
19, 11
52, 54
27, 45
59, 45
23, 35
5, 1
46, 36
19, 27
23, 21
40, 36
29, 29
30, 8
23, 34
45, 15
1, 59
33, 18
44, 11
33, 49
49, 8
21, 14
26, 60
22, 18
16, 14
58, 59
34, 19
42, 31
59, 31
39, 18
27, 51
32, 38
35, 17
47, 33
46, 10
19, 1
31, 40
4, 3
23, 17
27, 9
4, 52
32, 13
1, 20
46, 22
60, 53
33, 40
44, 60
25, 16
31, 8
15, 53
32, 46
35, 25
5, 24
3, 33
51, 23
42, 47
34, 48
46, 48
7, 12
27, 44
15, 47
45, 32
53, 45
46, 18
17, 2
9, 59
36, 8
36, 13
57, 0
51, 1
41, 38
16, 3
41, 1
60, 42
2, 11
8, 41
40, 53
6, 8
44, 6
21, 39
6, 19
18, 39
8, 43
44, 46
22, 2
0, 41
44, 59
20, 13
30, 24
42, 54
28, 32
0, 45
42, 10
52, 33
19, 34
28, 30
21, 11
19, 21
48, 31
2, 2
19, 15
23, 4
60, 33
52, 32
58, 53
16, 38
4, 4
39, 4
18, 53
3, 5
26, 25
10, 48
52, 50
17, 52
54, 19
15, 27
51, 11
51, 34
23, 50
38, 22
28, 50
42, 6
53, 26
26, 24
12, 45
45, 51
48, 13
2, 34
7, 0
6, 59
54, 14
54, 30
19, 52
9, 56
28, 17
60, 13
30, 41
25, 6
13, 38
22, 14
43, 29
47, 11
27, 40
20, 6
1, 34
29, 5
18, 28
11, 19
35, 27
29, 40
25, 27
5, 56
17, 17
8, 34
21, 16
55, 5
22, 55
2, 55
49, 22
60, 1
44, 58
18, 44
8, 42
46, 38
8, 0
37, 32
32, 49
15, 10
47, 51
2, 31
10, 8
24, 16
12, 46
55, 29
5, 49
25, 35
60, 0
2, 12
36, 48
14, 48
12, 50
4, 51
24, 45
18, 31
40, 58
7, 40
45, 7
2, 7
11, 15
11, 3
58, 51
44, 9
26, 11
20, 7
50, 55
37, 39
32, 25
50, 43
18, 58
16, 11
59, 27
22, 60
48, 42
0, 36
29, 35
14, 16
50, 32
50, 48
49, 45
29, 15
40, 17
57, 33
12, 29
60, 10
56, 48
9, 35
49, 31
0, 49
46, 21
27, 58
3, 39
5, 50
52, 14
17, 22
33, 12
28, 26
46, 47
17, 34
56, 39
55, 2
9, 10
21, 13
52, 11
25, 54
48, 21
33, 46
19, 44
5, 17
47, 55
3, 18
53, 47
26, 52
35, 30
12, 57
3, 14
57, 40
10, 15
0, 32
5, 26
57, 19
25, 20
52, 42
23, 23
43, 19
20, 8
10, 24
34, 39
5, 60
28, 47
9, 38
11, 18
14, 4
45, 23
21, 18
54, 59
8, 51
25, 7
4, 48
55, 52
10, 23
46, 46
21, 9
40, 57
60, 49
13, 40
56, 59
18, 33
49, 49
60, 7
29, 51
57, 11
59, 14
11, 44
50, 1
12, 54
4, 26
13, 17
29, 9
12, 52
56, 29
19, 16
39, 47
4, 33
11, 6
5, 5
8, 11
12, 56
9, 37
7, 10
32, 9
29, 30
3, 15
52, 31
16, 46
27, 8
43, 34
60, 47
36, 46
8, 1
22, 38
25, 18
60, 48
27, 53
53, 22
12, 40
23, 48
11, 24
20, 3
34, 57
36, 21
47, 25
53, 39
11, 9
7, 36
14, 28
0, 39
26, 35
32, 29
46, 54
31, 28
55, 9
16, 19
15, 56
14, 19
2, 15
34, 34
52, 37
4, 27
54, 39
1, 26
3, 48
34, 17
31, 60
29, 41
49, 23
24, 54
17, 41
31, 53
23, 28
4, 31
5, 55
15, 29
19, 28
53, 11
30, 5
37, 43
39, 43
45, 44
13, 60
4, 49
40, 1
3, 45
46, 51
4, 11
29, 47
38, 54
42, 58
58, 57
51, 52
44, 44
22, 29
42, 3
19, 41
10, 55
57, 22
50, 58
56, 13
49, 6
41, 10
60, 30
15, 15
0, 4
49, 5
17, 18
21, 4
37, 20
5, 20
39, 46
12, 35
43, 24
3, 27
44, 16
30, 11
31, 51
51, 28
57, 27
20, 36
11, 59
6, 25
15, 55
53, 32
42, 40
28, 42
52, 0
58, 50
30, 21
32, 20
13, 4
41, 11
14, 5
0, 56
55, 31
46, 28
58, 37
54, 56
51, 40
58, 56
40, 19
17, 54
42, 53
31, 59
19, 31
22, 5
19, 13
46, 29
25, 11
39, 45
34, 16
25, 3
55, 17
6, 12
14, 55
47, 4
30, 36
59, 3
18, 14
21, 55
33, 43
48, 54
37, 17
52, 19
3, 59
36, 0
5, 4
22, 33
9, 47
26, 18
11, 13
38, 28
9, 13
33, 29
19, 0
58, 11
59, 55
44, 41
54, 4
3, 6
36, 27
52, 13
4, 32
35, 50
10, 5
39, 8
31, 13
42, 43
24, 18
27, 24
37, 45
44, 0
5, 0
13, 44
3, 16
38, 46
55, 16
39, 26
54, 3
45, 57
14, 42
54, 52
0, 1
54, 0
10, 51
37, 5
5, 45
36, 14
50, 52
53, 59
46, 31
47, 29
9, 29
43, 2
32, 31
21, 22
36, 56
6, 49
39, 15
60, 22
12, 26
19, 43
3, 40
58, 39
20, 39
31, 35
53, 40
35, 45
17, 1
28, 38
33, 19
39, 60
24, 7
7, 55
48, 59
26, 28
42, 35
44, 42
3, 8
6, 31
6, 6
30, 17
26, 0
15, 21
6, 55
43, 20
47, 46
12, 48
39, 51
4, 47
16, 9
50, 17
35, 60
35, 54
23, 60
36, 11
41, 43
17, 39
20, 28
26, 38
24, 32
31, 58
36, 33
1, 40
57, 17
10, 1
43, 54
2, 24
40, 28
35, 28
27, 0
15, 60
44, 7
8, 54
11, 26
40, 5
29, 58
33, 28
16, 21
25, 40
32, 58
40, 49
24, 22
50, 56
41, 34
43, 44
40, 9
1, 2
56, 15
13, 25
39, 10
17, 45
15, 9
11, 14
27, 4
1, 3
29, 25
33, 30
51, 10
57, 29
59, 60
24, 15
3, 21
34, 41
53, 29
12, 60
8, 20
11, 29
5, 9
8, 17
1, 51
42, 48
41, 22
29, 42
9, 45
56, 9
24, 4
29, 43
55, 41
51, 19
6, 5
19, 9
35, 48
36, 19
34, 1
6, 46
1, 55
47, 22
22, 42
51, 31
25, 28
23, 32
54, 16
11, 49
37, 14
43, 21
13, 24
36, 25
11, 40
12, 16
36, 45
20, 53
23, 9
0, 31
8, 14
52, 15
43, 52
49, 15
30, 42
43, 59
2, 38
50, 12
46, 12
30, 23
26, 15
14, 3
60, 11
54, 41
51, 4
40, 52
12, 3
1, 44
12, 19
3, 19
40, 47
5, 31
23, 26
21, 21
45, 41
26, 16
49, 33
40, 26
10, 13
14, 6
26, 26
60, 12
3, 1
21, 48
26, 51
57, 4
45, 39
1, 18
35, 47
8, 45
15, 46
5, 27
59, 0
38, 37
31, 45
9, 60
54, 9
54, 53
26, 45
39, 44
34, 45
12, 21
57, 9
44, 4
35, 10
10, 28
46, 16
34, 8
52, 3
20, 58
33, 53
49, 27
1, 9
29, 19
22, 9
48, 18
0, 16
37, 46
44, 55
0, 50
31, 34
7, 53
20, 27
47, 10
12, 30
2, 56
54, 22
54, 17
7, 46
2, 20
33, 27
53, 4
6, 17
35, 52
8, 37
45, 31
37, 22
56, 6
15, 12
60, 2
27, 43
50, 33
59, 1
34, 53
15, 14
20, 1
55, 8
0, 29
28, 10
60, 60
38, 20
12, 25
3, 35
10, 36
31, 1
10, 16
45, 54
11, 27
20, 47
24, 47
6, 27
8, 35
32, 39
58, 5
3, 2
33, 38
8, 52
20, 59
50, 59
15, 57
18, 22
53, 54
6, 33
30, 57
21, 20
5, 19
1, 36
23, 30
23, 41
11, 50
12, 9
46, 4
4, 30
37, 8
18, 55
13, 19
25, 10
17, 47
10, 6
49, 40
54, 49
31, 33
50, 50
9, 48
2, 13
60, 46
51, 43
40, 10
41, 47
60, 43
58, 19
10, 25
54, 15
30, 16
55, 26
41, 32
55, 43
23, 15
50, 8
3, 31
59, 34
21, 43
13, 39
38, 17
5, 33
59, 53
12, 20
20, 5
30, 47
8, 13
46, 35
29, 8
19, 47
45, 16
4, 2
20, 48
45, 35
3, 17
20, 31
33, 5
32, 51
22, 51
26, 58
49, 51
8, 22
22, 16
49, 16
57, 45
2, 35
1, 13
15, 49
55, 48
2, 46
26, 46
25, 26
49, 58
57, 18
55, 32
58, 55
4, 6
60, 31
16, 22
19, 6
8, 39
7, 29
4, 34
52, 20
38, 45
58, 45
16, 53
58, 14
58, 23
27, 11
39, 36
52, 12
8, 59
23, 19
18, 37
52, 44
26, 49
50, 51
37, 49
30, 43
15, 4
47, 52
29, 28
15, 7
59, 32
47, 40
41, 14
58, 15
43, 48
8, 28
55, 35
19, 42
58, 35
12, 51
38, 41
23, 10
35, 39
9, 55
30, 34
31, 46
2, 36
29, 3
24, 0
39, 23
18, 24
5, 14
9, 15
55, 59
59, 46
60, 51
55, 28
1, 60
49, 11
6, 9
14, 33
53, 17
2, 0
14, 40
33, 14
10, 19
10, 45
58, 48
41, 21
43, 22
58, 47
38, 5
55, 14
15, 33
34, 3
21, 30
47, 45
33, 37
2, 39
11, 23
38, 36
17, 42
11, 33
9, 18
22, 50
18, 54
57, 47
40, 54
18, 35
51, 53
37, 57
35, 4
56, 2
28, 7
38, 29
51, 18
10, 53
60, 58
12, 59
16, 15
53, 42
39, 54
16, 55
39, 27
10, 41
32, 48
57, 44
40, 22
55, 0
27, 20
58, 3
55, 13
0, 24
44, 45
35, 7
22, 56
35, 18
50, 53
22, 11
57, 28
60, 3
4, 60
34, 47
0, 17
0, 44
24, 3
38, 18
22, 54
23, 12
9, 46
22, 46
45, 45
30, 13
46, 8
15, 44
43, 1
29, 4
11, 7
1, 25
44, 28
52, 16
19, 57
46, 17
18, 38
57, 25
0, 58
20, 30
51, 6
44, 13
33, 60
19, 20
12, 41
14, 41
10, 34
27, 42
10, 50
2, 52
7, 39
29, 7
13, 26
43, 14
12, 44
57, 30
32, 2
50, 45
38, 2
14, 21
5, 35
47, 34
56, 22
56, 24
41, 36
14, 60
4, 55
18, 5
30, 1
1, 1
44, 10
6, 1
46, 33
33, 33
56, 10
59, 59
32, 41
3, 53
41, 35
50, 23
11, 58
45, 53
55, 11
21, 19
47, 14
45, 28
33, 36
3, 51
29, 0
41, 50
42, 18
37, 38
37, 16
18, 3
58, 16
38, 23
41, 44
12, 13
32, 40
22, 21
32, 35
47, 44
28, 20
35, 56
37, 15
44, 1
24, 52
26, 17
58, 29
5, 2
41, 57
52, 36
34, 56
57, 16
44, 34
54, 34
54, 43
24, 1
0, 7
32, 0
39, 58
52, 46
10, 31
32, 45
29, 20
17, 21
53, 15
25, 41
9, 33
21, 53
40, 18
57, 41
54, 38
23, 5
16, 5
24, 58
59, 18
27, 50
29, 22
43, 0
11, 53
54, 26
34, 29
59, 25
19, 55
48, 60
8, 30
47, 30
32, 5
41, 9
27, 1
47, 49
47, 41
18, 13
29, 37
51, 48
45, 22
24, 42
27, 39
8, 47
29, 12
59, 39
38, 8
38, 50
49, 13
51, 25
55, 50
3, 52
45, 26
46, 0
11, 28
34, 4
8, 57
23, 1
50, 21
17, 4
28, 36
26, 50
42, 24
18, 1
7, 11
6, 18
9, 20
24, 44
45, 49
22, 43
2, 45
4, 9
41, 25
18, 12
44, 32
3, 22
21, 35
20, 57
2, 32
51, 24
3, 47
13, 2
54, 57
6, 0
24, 13
28, 53
17, 20
59, 11
5, 47
29, 36
57, 51
25, 46
36, 57
0, 47
34, 25
43, 27
38, 1
40, 50
6, 50
53, 50
24, 59
30, 15
20, 44
41, 30
38, 25
6, 16
17, 19
7, 9
28, 28
5, 58
25, 42
35, 44
56, 49
16, 28
4, 42
11, 8
48, 46
20, 2
19, 14
60, 5
4, 0
13, 29
24, 41
26, 37
49, 30
14, 20
2, 33
21, 6
58, 24
60, 57
31, 37
43, 7
29, 34
26, 4
28, 12
22, 47
56, 8
59, 51
21, 23
23, 36
55, 39
32, 37
48, 48
10, 59
42, 56
34, 24
32, 56
8, 53
48, 44
9, 51
15, 28
44, 5
13, 7
47, 3
28, 18
47, 24
48, 19
7, 48
55, 21
17, 59
18, 7
20, 51
39, 40
4, 53
0, 14
55, 20
26, 10
7, 20
54, 32
0, 42
59, 23
40, 34
4, 25
24, 53
24, 9
30, 56
24, 40
36, 32
37, 35
39, 50
58, 32
36, 10
57, 59
59, 44
16, 41
42, 34
51, 45
36, 31
47, 9
1, 5
13, 43
3, 28
4, 23
22, 31
3, 23
19, 23
18, 34
57, 7
46, 43
26, 6
45, 40
45, 2
47, 59
0, 59
44, 52
60, 55
52, 7
35, 0
57, 60
60, 15
15, 32
3, 7
33, 17
54, 5
19, 46
20, 4
17, 40
2, 22
3, 25
36, 59
36, 53
3, 36
17, 11
37, 10
23, 49
13, 35
16, 24
50, 15
17, 9
14, 54
22, 25
14, 1
53, 12
23, 0
29, 53
38, 4
32, 1
37, 18
44, 14
5, 25
25, 15
59, 15
50, 30
28, 3
10, 20
26, 42
16, 44
0, 11
53, 14
43, 38
58, 21
25, 53
7, 33
20, 50
40, 32
60, 35
48, 51
48, 8
3, 56
35, 19
59, 47
15, 34
5, 41
13, 22
1, 53
24, 56
4, 7
51, 42
13, 46
22, 57
41, 45
30, 3
5, 12
55, 40
48, 40
15, 43
51, 55
57, 43
3, 60
14, 9
8, 58
36, 42
60, 23
32, 47
51, 13
28, 0
36, 51
31, 39
46, 24
40, 33
51, 7
17, 31
3, 37
46, 3
52, 8
7, 52
27, 26
5, 13
4, 13
43, 58
33, 59
1, 32
21, 49
4, 40
48, 22
22, 26
31, 15
0, 53
14, 57
5, 40
8, 40
44, 22
7, 35
10, 29
50, 6
31, 22
27, 36
40, 8
12, 4
53, 55
15, 0
9, 30
48, 32
11, 22
12, 8
42, 22
48, 16
29, 44
11, 36
22, 7
41, 26
38, 10
40, 29
45, 47
24, 8
19, 32
2, 60
52, 39
3, 32
39, 32
20, 40
1, 21
19, 48
13, 57
52, 22
59, 37
27, 56
41, 48
22, 22
50, 29
23, 7
9, 44
48, 39
51, 39
13, 13
57, 54
20, 22
35, 53
41, 13
44, 31
42, 52
47, 27
24, 26
21, 51
48, 27
53, 0
44, 27
25, 14
6, 40
59, 57
19, 39
3, 20
41, 60
51, 35
30, 14
48, 56
5, 29
13, 53
19, 24
50, 10
13, 49
5, 57
26, 29
19, 3
36, 1
32, 21
42, 42
59, 49
24, 38
15, 39
25, 17
46, 14
47, 18
51, 26
57, 12
33, 9
16, 45
13, 36
57, 34
13, 56
24, 55
42, 41
59, 58
11, 21
38, 60
53, 19
26, 39
37, 21
0, 34
18, 27
9, 17
40, 45
32, 4
55, 60
33, 58
38, 6
9, 36
54, 35
16, 2
47, 50
16, 33
2, 57
27, 37
47, 60
39, 24
39, 59
16, 49
3, 58
56, 20
31, 11
41, 6
58, 0
53, 34
29, 13
23, 33
31, 12
50, 16
15, 41
33, 23
54, 10
57, 31
53, 23
6, 15
45, 48
59, 29
1, 52
7, 24
38, 47
19, 40
38, 14
49, 55
16, 29
28, 52
4, 57
14, 53
8, 27
4, 21
16, 59
43, 13
38, 30
40, 2
28, 25
36, 47
0, 43
48, 17
37, 25
30, 52
26, 27
9, 25
46, 39
35, 43
0, 15
18, 57
9, 31
1, 42
53, 57
56, 54
30, 58
25, 34
45, 30
56, 1
35, 46
49, 43
44, 17
38, 42
16, 34
53, 58
30, 59
7, 49
32, 36
2, 10
43, 36
27, 59
41, 40
27, 13
45, 20
58, 12
36, 35
14, 17
30, 2
54, 11
25, 1
48, 36
44, 25
17, 43
27, 41
10, 57
39, 5
51, 49
45, 52
49, 17
24, 20
29, 45
34, 21
44, 40
51, 21
4, 59
11, 54
38, 9
11, 56
33, 41
13, 31
48, 0
55, 42
41, 52
36, 9
7, 1
30, 38
17, 53
36, 24
6, 42
8, 25
53, 8
55, 55
5, 53
16, 26
25, 59
27, 2
18, 23
16, 47
26, 31
14, 2
46, 19
27, 57
27, 21
13, 11
34, 49
21, 36
45, 19
16, 36
17, 26
54, 18
22, 15
48, 5
32, 33
19, 33
29, 27
34, 26
37, 7
59, 54
23, 6
53, 30
49, 28
39, 41
55, 22
1, 46
2, 4
58, 31
50, 19
13, 34
15, 30
60, 29
55, 56
2, 30
39, 14
12, 53
40, 42
58, 13
47, 8
31, 10
16, 16
3, 0
51, 5
37, 60
51, 2
41, 49
42, 15
28, 45
11, 11
46, 23
34, 18
57, 46
48, 35
43, 5
18, 18
30, 33
49, 20
7, 59
45, 14
51, 30
60, 54
14, 8
38, 38
60, 41
6, 44
12, 32
35, 34
34, 23
34, 51
38, 34
34, 58
33, 4
46, 26
33, 25
52, 43
26, 12
1, 56
14, 59
51, 3
8, 48
5, 48
13, 10
25, 44
35, 38
30, 50
13, 30
48, 23
7, 23
7, 18
35, 13
9, 58
17, 46
36, 36
7, 42
2, 53
37, 58
22, 37
36, 17
18, 20
15, 42
42, 9
55, 38
55, 24
33, 48
24, 46
2, 41
14, 11
37, 54
25, 2
60, 21
39, 7
54, 33
49, 59
9, 19
43, 26
60, 56
16, 52
6, 39
14, 36
39, 28
5, 11
27, 29
48, 28
33, 51
44, 39
23, 43
21, 5
17, 8
29, 46
0, 54
27, 35
54, 31
40, 43
2, 3
1, 22
30, 39
44, 38
7, 57
18, 49
37, 23
34, 13
21, 32
21, 37
59, 19
50, 37
46, 32
18, 30
49, 53
